749
878
272
743
120
159
393
845
436
435
584
554
347
870
671
921
970
650
820
708
831
189
998
888
361
25
251
352
502
516
570
3
812
41
111
944
707
718
663
987
245
610
391
844
533
736
21
549
627
594
532
463
202
499
507
907
106
456
900
292
712
70
951
305
48
614
688
9
35
389
986
208
905
936
500
167
613
896
860
992
926
265
641
462
98
530
729
11
509
629
90
679
485
166
313
423
756
899
349
972
360
792
302
370
755
457
5
411
23
616
963
777
92
4
644
539
281
228
551
348
855
81
803
139
757
148
296
648
103
830
34
864
677
433
364
89
887
541
479
768
467
504
451
880
923
429
450
704
867
13
739
254
329
87
181
387
247
145
623
799
950
939
50
367
211
149
300
606
706
954
187
746
468
924
561
877
277
216
404
913
576
275
38
19
942
994
320
889
555
775
480
559
654
964
201
301
381
508
287
771
725
472
217
416
728
219
557
550
645
836
546
802
260
241
113
28
779
723
488
497
969
109
127
761
314
294
197
890
196
588
154
638
78
22
179
567
83
286
745
732
962
125
122
56
694
505
420
748
42
210
646
626
192
780
784
602
33
43
989
16
722
141
734
308
14
333
276
649
639
282
642
569
859
17
317
691
477
448
135
971
493
948
194
766
220
506
268
959
854
966
848
730
955
316
340
741
938
170
326
397
431
976
655
843
351
592
914
164
747
621
678
531
205
764
110
293
132
374
829
74
334
772
575
323
647
441
107
379
357
538
354
325
515
738
235
767
230
112
258
176
556
174
672
380
809
895
874
186
412
733
917
519
486
540
611
377
356
869
315
332
819
303
702
790
713
342
121
491
45
842
489
807
778
75
823
667
378
312
209
136
346
742
574
520
893
690
983
822
791
826
239
77
184
680
298
692
652
658
453
1
425
785
787
804
319
514
811
565
283
213
851
933
997
640
222
560
309
274
656
875
240
29
827
177
446
839
7
440
925
591
682
63
212
931
908
193
536
439
593
140
473
849
724
975
693
24
100
776
727
62
850
754
430
978
852
267
358
460
225
786
229
311
406
483
886
299
396
597
669
815
255
328
369
233
261
362
863
421
279
719
178
605
232
935
278
922
596
39
284
865
906
142
526
687
60
203
604
821
442
73
400
290
382
547
609
805
689
573
350
355
336
426
146
252
624
566
199
124
373
18
763
622
664
273
365
879
405
151
681
459
173
6
244
165
695
227
528
434
943
920
952
437
866
857
474
973
534
737
825
697
571
562
675
891
490
984
801
662
12
862
583
32
129
388
653
144
80
156
518
705
371
134
841
407
525
414
297
40
903
259
93
147
833
443
794
625
345
330
947
953
872
760
643
188
915
937
853
321
572
182
612
285
835
115
30
157
765
674
99
537
133
482
703
455
138
770
988
800
726
72
832
383
270
231
307
808
452
376
327
544
137
454
394
52
881
304
424
716
494
932
912
701
444
858
410
368
422
236
130
49
956
318
977
665
413
458
67
256
31
885
401
153
960
993
714
105
44
735
522
617
481
817
840
26
438
524
386
447
813
195
243
10
513
982
620
991
751
873
475
670
686
415
461
200
856
101
846
402
929
740
150
155
581
344
27
661
521
289
615
263
108
543
837
797
169
262
861
8
118
20
995
894
341
795
204
91
796
814
15
511
339
183
470
392
88
744
469
847
721
162
553
242
249
114
409
372
619
51
408
471
94
558
418
568
902
980
180
363
427
750
445
892
306
221
598
79
398
587
322
449
578
603
190
916
84
253
945
496
54
749
564
152
512
696
798
999
324
403
104
600
523
699
53
985
97
783
207
752
527
884
64
175
909
117
634
618
673
940
946
552
185
968
659
295
901
419
941
904
466
700
548
974
898
264
683
762
979
399
788
542
69
417
586
476
86
685
291
589
883
237
68
310
395
782
635
191
215
668
631
57
535
632
246
337
717
806
828
660
58
161
824
37
82
630
720
206
676
484
85
498
698
773
781
384
636
432
666
131
224
961
897
269
731
637
910
248
793
158
868
487
257
66
214
335
119
510
928
343
0
981
607
608
633
2
366
580
710
545
816
628
280
71
882
927
223
46
143
428
128
55
709
116
577
990
218
911
918
359
271
331
919
934
385
59
871
390
599
529
759
789
601
464
595
168
338
582
834
234
753
492
76
61
957
758
96
238
818
517
226
126
198
102
967
715
838
930
651
810
774
949
684
160
171
769
465
123
288
65
590
495
579
503
965
478
563
95
501
876
36
47
163
711
996
266
958
353
250
585
375
172